23907 20150101  2.423  -98.08   30.62     2.2    -0.6     0.8     0.9     6.2     1.47 C     3.7     1.1     2.5    99.9    85.4    97.2   0.369   0.308 -99.000 -99.000 -99.000     7.0     8.1 -9999.0 -9999.0 -9999.0
23907 20150102  2.423  -98.08   30.62     3.5     1.3     2.4     2.2     9.0     1.43 C     4.9     2.3     3.1   100.0    98.8    99.8   0.391   0.327 -99.000 -99.000 -99.000     7.1     7.9 -9999.0 -9999.0 -9999.0
23907 20150103  2.423  -98.08   30.62    15.9     2.3     9.1     7.5     2.9    11.00 C    16.4     2.9     7.3   100.0    34.8    73.7   0.450   0.397 -99.000 -99.000 -99.000     7.6     7.9 -9999.0 -9999.0 -9999.0
23907 20150104  2.423  -98.08   30.62     9.2    -1.3     3.9     4.2     0.0    13.24 C    12.4    -0.5     4.9    82.0    40.6    61.7   0.414   0.352 -99.000 -99.000 -99.000     7.3     7.9 -9999.0 -9999.0 -9999.0
23907 20150105  2.423  -98.08   30.62    10.9    -3.7     3.6     2.6     0.0    13.37 C    14.7    -3.0     3.8    77.9    33.3    57.4   0.399   0.340 -99.000 -99.000 -99.000     6.3     7.0 -9999.0 -9999.0 -9999.0
23907 20150106  2.423  -98.08   30.62    20.2     2.9    11.6    10.9     0.0    12.90 C    22.0     1.6     9.9    67.7    30.2    49.3   0.395   0.335 -99.000 -99.000 -99.000     8.0     8.0 -9999.0 -9999.0 -9999.0
23907 20150107  2.423  -98.08   30.62    10.9    -3.4     3.8     4.5     0.0    12.68 C    12.4    -2.1     5.5    82.7    36.5    55.7   0.387   0.328 -99.000 -99.000 -99.000     7.6     8.3 -9999.0 -9999.0 -9999.0
23907 20150108  2.423  -98.08   30.62     0.6    -7.9    -3.6    -3.3     0.0     4.98 C     3.9    -4.8    -0.5    57.7    37.6    48.1   0.372   0.316 -99.000 -99.000 -99.000     4.7     6.1 -9999.0 -9999.0 -9999.0
23907 20150109  2.423  -98.08   30.62     2.0     0.1     1.0     0.8     0.0     2.52 C     4.1     1.2     2.5    87.8    48.9    64.4   0.368   0.312 -99.000 -99.000 -99.000     5.4     6.2 -9999.0 -9999.0 -9999.0
23907 20150110  2.423  -98.08   30.62     0.5    -2.0    -0.8    -0.6     3.3     2.11 C     2.5    -0.1     1.4    99.9    47.7    85.8   0.373   0.314 -99.000 -99.000 -99.000     5.1     6.0 -9999.0 -9999.0 -9999.0
23907 20150111  2.423  -98.08   30.62    10.9     0.0     5.4     4.4     2.9     6.38 C    12.7     1.3     5.8   100.0    77.8    97.1   0.420   0.362 -99.000 -99.000 -99.000     6.5     6.7 -9999.0 -9999.0 -9999.0
23907 20150112  2.423  -98.08   30.62     6.5     1.4     4.0     4.3     0.0     1.55 C     6.9     2.7     5.1   100.0    89.4    97.8   0.412   0.350 -99.000 -99.000 -99.000     7.3     7.5 -9999.0 -9999.0 -9999.0
23907 20150113  2.423  -98.08   30.62     3.0    -0.7     1.1     1.2     0.0     3.26 C     5.6     0.7     2.9    99.7    80.7    90.7   0.401   0.337 -99.000 -99.000 -99.000     6.1     6.8 -9999.0 -9999.0 -9999.0
23907 20150114  2.423  -98.08   30.62     2.9     0.9     1.9     1.8     0.0     1.88 C     4.7     2.0     3.1    99.6    90.8    97.9   0.395   0.331 -99.000 -99.000 -99.000     6.1     6.7 -9999.0 -9999.0 -9999.0
23907 20150115  2.423  -98.08   30.62    13.2     1.2     7.2     6.4     0.0    13.37 C    16.4     1.4     6.7    98.9    46.7    73.4   0.395   0.333 -99.000 -99.000 -99.000     6.7     7.0 -9999.0 -9999.0 -9999.0
23907 20150116  2.423  -98.08   30.62    16.7     3.5    10.1     9.9     0.0    13.68 C    19.2     1.3     8.7    80.2    38.1    58.2   0.391   0.330 -99.000 -99.000 -99.000     7.3     7.4 -9999.0 -9999.0 -9999.0
23907 20150117  2.423  -98.08   30.62    19.5     5.0    12.2    12.3     0.0    10.96 C    20.9     3.3    10.6    87.7    30.4    55.7   0.388   0.327 -99.000 -99.000 -99.000     8.7     8.4 -9999.0 -9999.0 -9999.0
23907 20150118  2.423  -98.08   30.62    20.9     7.6    14.3    13.7     0.0    15.03 C    23.4     3.5    11.9    45.9    14.6    31.4   0.383   0.325 -99.000 -99.000 -99.000     9.5     9.2 -9999.0 -9999.0 -9999.0
23907 20150119  2.423  -98.08   30.62    23.9     6.7    15.3    14.3     0.0    14.10 C    25.6     3.8    12.6    65.3    26.8    45.6   0.376   0.321 -99.000 -99.000 -99.000     9.9     9.5 -9999.0 -9999.0 -9999.0
23907 20150120  2.423  -98.08   30.62    26.0     9.5    17.8    15.9     0.0    14.57 C    27.9     6.5    14.5    88.4    16.1    50.2   0.373   0.320 -99.000 -99.000 -99.000    10.9    10.4 -9999.0 -9999.0 -9999.0
23907 20150121  2.423  -98.08   30.62    11.0     6.9     8.9     8.9     1.7     2.71 C    13.1     6.8     9.7    99.2    68.0    88.1   0.369   0.317 -99.000 -99.000 -99.000    10.7    10.6 -9999.0 -9999.0 -9999.0
23907 20150122  2.423  -98.08   30.62     8.6     3.5     6.1     5.6    39.6     1.28 C     9.1     4.1     6.3    99.6    95.2    98.0   0.546   0.418 -99.000 -99.000 -99.000     9.0     9.3 -9999.0 -9999.0 -9999.0
23907 20150123  2.423  -98.08   30.62     9.4     2.2     5.8     4.2     7.4     6.58 C    11.1     2.0     4.8    98.4    58.8    86.5   0.554   0.409 -99.000 -99.000 -99.000     7.6     8.1 -9999.0 -9999.0 -9999.0
23907 20150124  2.423  -98.08   30.62    16.0     1.4     8.7     8.0     0.0    14.26 C    18.8     0.4     7.7    92.0    33.0    63.0   0.494   0.381 -99.000 -99.000 -99.000     7.7     7.9 -9999.0 -9999.0 -9999.0
23907 20150125  2.423  -98.08   30.62    20.2     6.4    13.3    12.7     0.0    14.99 C    22.0     4.4    11.0    69.2    18.9    43.8   0.456   0.357 -99.000 -99.000 -99.000     9.1     8.9 -9999.0 -9999.0 -9999.0
23907 20150126  2.423  -98.08   30.62    21.5     7.2    14.4    14.1     0.0    12.01 C    22.9     5.5    12.2    56.8    23.7    40.6   0.433   0.349 -99.000 -99.000 -99.000    10.0     9.7 -9999.0 -9999.0 -9999.0
23907 20150127  2.423  -98.08   30.62    26.5    10.7    18.6    17.5     0.0    15.18 C    28.9     8.1    15.5    52.2    21.4    38.8   0.420   0.344 -99.000 -99.000 -99.000    11.4    10.8 -9999.0 -9999.0 -9999.0
23907 20150128  2.423  -98.08   30.62    26.3    13.3    19.8    19.1     0.0    15.11 C    28.1     7.9    16.3    54.9    19.4    35.5   0.410   0.339 -99.000 -99.000 -99.000    12.1    11.5 -9999.0 -9999.0 -9999.0
23907 20150129  2.423  -98.08   30.62    23.1     9.8    16.5    16.4     0.0    13.74 C    27.4     9.7    16.4    87.0    34.2    55.6   0.402   0.334 -99.000 -99.000 -99.000    13.1    12.4 -9999.0 -9999.0 -9999.0
23907 20150130  2.423  -98.08   30.62    13.0     6.9    10.0     9.0     0.0     7.19 C    19.2     8.3    11.0    67.6    48.4    58.8   0.389   0.328 -99.000 -99.000 -99.000    11.6    11.8 -9999.0 -9999.0 -9999.0
23907 20150131  2.423  -98.08   30.62    15.1     7.4    11.3    10.2     8.5     1.18 C    14.5     8.4    10.7   100.0    63.1    90.3   0.401   0.337 -99.000 -99.000 -99.000    11.2    11.3 -9999.0 -9999.0 -9999.0
23907 20150201  2.423  -98.08   30.62    18.3     3.9    11.1    13.3     0.0     8.69 C    22.1     4.1    13.8    98.8    53.6    79.1   0.450   0.386 -99.000 -99.000 -99.000    12.9    12.6 -9999.0 -9999.0 -9999.0
23907 20150202  2.423  -98.08   30.62     8.0    -1.9     3.1     3.3     0.0    12.48 C    15.2    -0.6     5.8    69.4    34.8    54.2   0.420   0.354 -99.000 -99.000 -99.000     9.3    10.1 -9999.0 -9999.0 -9999.0
23907 20150203  2.423  -98.08   30.62     5.3     2.3     3.8     3.8     0.7     2.69 C     8.3     3.9     5.7   100.0    65.1    82.6   0.409   0.343 -99.000 -99.000 -99.000     8.7     9.3 -9999.0 -9999.0 -9999.0
23907 20150204  2.423  -98.08   30.62    11.8     4.3     8.1     7.9     0.0     4.41 C    13.8     5.5     8.8   100.0    80.6    94.1   0.410   0.344 -99.000 -99.000 -99.000     9.6     9.8 -9999.0 -9999.0 -9999.0
23907 20150205  2.423  -98.08   30.62     9.4     0.7     5.0     3.1     0.0     4.90 C     9.3     2.8     5.6    97.3    68.8    81.4   0.402   0.336 -99.000 -99.000 -99.000     8.6     9.3 -9999.0 -9999.0 -9999.0
23907 20150206  2.423  -98.08   30.62    15.3     0.8     8.0     7.4     0.0    14.67 C    20.9     1.8     9.3    95.9    50.7    75.9   0.396   0.331 -99.000 -99.000 -99.000     9.1     9.2 -9999.0 -9999.0 -9999.0
23907 20150207  2.423  -98.08   30.62    19.8     5.9    12.8    12.0     0.2    16.75 C    23.8     4.8    12.0    96.8    48.6    76.2   0.393   0.329 -99.000 -99.000 -99.000    10.5    10.2 -9999.0 -9999.0 -9999.0
23907 20150208  2.423  -98.08   30.62    26.3    12.3    19.3    17.7     0.0    16.54 C    29.8    10.8    17.3    96.6    25.4    65.2   0.393   0.332 -99.000 -99.000 -99.000    13.0    12.2 -9999.0 -9999.0 -9999.0
23907 20150209  2.423  -98.08   30.62    26.6    13.6    20.1    19.3     0.0    16.90 C    31.1    10.3    17.8    64.6    19.7    40.0   0.388   0.329 -99.000 -99.000 -99.000    13.5    12.9 -9999.0 -9999.0 -9999.0
23907 20150210  2.423  -98.08   30.62    26.0    12.7    19.4    18.7     0.0    17.09 C    30.3     9.5    17.6    61.3    26.5    40.1   0.381   0.325 -99.000 -99.000 -99.000    13.6    13.0 -9999.0 -9999.0 -9999.0
23907 20150211  2.423  -98.08   30.62    23.0    10.6    16.8    16.3     0.0    16.50 C    29.2     8.1    16.8    77.6    29.9    55.8   0.375   0.323 -99.000 -99.000 -99.000    14.0    13.5 -9999.0 -9999.0 -9999.0
23907 20150212  2.423  -98.08   30.62    14.8     5.6    10.2     9.4     0.0    12.60 C    22.8     6.8    11.9    71.2    32.3    52.2   0.363   0.317 -99.000 -99.000 -99.000    12.3    12.7 -9999.0 -9999.0 -9999.0
23907 20150213  2.423  -98.08   30.62    18.9     4.7    11.8    11.5     0.0    12.25 C    26.3     4.5    12.3    65.6    37.7    50.7   0.356   0.310 -99.000 -99.000 -99.000    11.4    11.7 -9999.0 -9999.0 -9999.0
23907 20150214  2.423  -98.08   30.62    24.3    10.8    17.5    16.7     0.0    16.94 C    31.3     8.8    17.1    77.8    29.3    56.9   0.354   0.310 -99.000 -99.000 -99.000    13.3    12.8 -9999.0 -9999.0 -9999.0
23907 20150215  2.423  -98.08   30.62    20.2    13.3    16.8    15.9     0.0     5.79 C    23.9    12.8    16.2    96.0    65.3    83.9   0.353   0.312 -99.000 -99.000 -99.000    14.5    13.9 -9999.0 -9999.0 -9999.0
23907 20150216  2.423  -98.08   30.62    17.6     0.0     8.8     5.0     0.7     4.87 C    17.1     2.5     7.4    98.3    66.4    83.8   0.345   0.306 -99.000 -99.000 -99.000    11.9    12.8 -9999.0 -9999.0 -9999.0
23907 20150217  2.423  -98.08   30.62    11.2    -0.4     5.4     4.3     0.0    13.36 C    18.6     1.3     6.8    80.6    36.6    57.9   0.337   0.298 -99.000 -99.000 -99.000     9.3    10.3 -9999.0 -9999.0 -9999.0
23907 20150218  2.423  -98.08   30.62    17.2    -0.4     8.4     9.1     0.0    18.48 C    25.1     0.5    10.1    80.9    21.1    46.1   0.334   0.294 -99.000 -99.000 -99.000     9.5    10.0 -9999.0 -9999.0 -9999.0
23907 20150219  2.423  -98.08   30.62    19.2     5.7    12.4    12.3     0.0    17.70 C    26.0     4.1    13.2    79.1    35.7    56.9   0.333   0.295 -99.000 -99.000 -99.000    11.1    11.0 -9999.0 -9999.0 -9999.0
23907 20150220  2.423  -98.08   30.62    22.0    11.9    16.9    16.7     0.0     8.41 C    25.9    10.7    16.7    85.5    55.7    76.5   0.336   0.298 -99.000 -99.000 -99.000    13.6    12.9 -9999.0 -9999.0 -9999.0
23907 20150221  2.423  -98.08   30.62    22.9     9.3    16.1    17.2     0.0    11.83 C    31.1    10.6    18.9    86.5    51.1    74.3   0.336   0.302 -99.000 -99.000 -99.000    15.6    14.7 -9999.0 -9999.0 -9999.0
23907 20150222  2.423  -98.08   30.62    10.7     0.1     5.4     7.3     1.6     1.85 C    12.7     2.2     9.2   100.0    76.7    91.8   0.327   0.296 -99.000 -99.000 -99.000    12.7    13.3 -9999.0 -9999.0 -9999.0
23907 20150223  2.423  -98.08   30.62     0.1    -3.5    -1.7    -2.2     0.3     2.37 C     2.2    -1.2     0.1    99.3    95.1    97.2   0.317   0.286 -99.000 -99.000 -99.000     8.0     9.8 -9999.0 -9999.0 -9999.0
23907 20150224  2.423  -98.08   30.62     0.7    -3.4    -1.4    -1.5     0.0     3.98 C     4.9    -1.3     1.2    99.9    93.6    97.2   0.316   0.282 -99.000 -99.000 -99.000     6.8     8.1 -9999.0 -9999.0 -9999.0
23907 20150225  2.423  -98.08   30.62    15.4     0.1     7.7     6.4     0.0    17.04 C    19.8     1.7     8.0    99.9    30.3    70.4   0.330   0.285 -99.000 -99.000 -99.000     8.3     8.7 -9999.0 -9999.0 -9999.0
23907 20150226  2.423  -98.08   30.62     6.0     0.0     3.0     2.9     0.0     6.77 C     9.8     1.9     4.2    88.0    58.1    75.5   0.331   0.285 -99.000 -99.000 -99.000     7.6     8.5 -9999.0 -9999.0 -9999.0
23907 20150227  2.423  -98.08   30.62     0.0    -2.7    -1.3    -1.4     0.0     2.56 C     2.9    -0.9     1.0    99.1    57.5    77.6   0.324   0.280 -99.000 -99.000 -99.000     6.1     7.3 -9999.0 -9999.0 -9999.0
23907 20150228  2.423  -98.08   30.62     0.0    -3.1    -1.6    -1.5     1.5     1.93 C     1.7    -1.2     0.2    99.9    96.4    98.8   0.323   0.279 -99.000 -99.000 -99.000     5.3     6.5 -9999.0 -9999.0 -9999.0
23907 20150301  2.423  -98.08   30.62     4.5    -0.2     2.1     1.9     3.9     3.44 C     6.4     0.7     3.0   100.0    99.5    99.9   0.370   0.307 -99.000 -99.000 -99.000     5.8     6.5 -9999.0 -9999.0 -9999.0
23907 20150302  2.423  -98.08   30.62     4.9     1.5     3.2     3.1     2.0     3.68 C     7.5     2.2     4.3   100.0    97.7    99.7   0.394   0.327 -99.000 -99.000 -99.000     6.5     6.9 -9999.0 -9999.0 -9999.0
23907 20150306  2.423  -98.08   30.62    12.9    -3.2     4.8     4.1     0.0    22.65 C    22.9    -2.6     7.4    68.0    28.6    49.4   0.418   0.348 -99.000 -99.000 -99.000     6.7     7.1 -9999.0 -9999.0 -9999.0
23907 20150307  2.423  -98.08   30.62    13.7     4.4     9.0     8.7     0.0     8.80 C    20.1     3.9    10.8    59.9    29.7    46.1   0.410   0.342 -99.000 -99.000 -99.000     8.4     8.3 -9999.0 -9999.0 -9999.0
23907 20150308  2.423  -98.08   30.62    10.4     6.8     8.6     8.8     1.8     2.00 C    11.9     8.2    10.0   100.0    51.9    94.7   0.412   0.345 -99.000 -99.000 -99.000     9.5     9.3 -9999.0 -9999.0 -9999.0
23907 20150309  2.423  -98.08   30.62    11.3     8.1     9.7     9.4    39.0     2.35 C    13.2     8.9    10.3   100.0    95.9    99.2   0.572   0.427 -99.000 -99.000 -99.000     9.9     9.7 -9999.0 -9999.0 -9999.0
23907 20150310  2.423  -98.08   30.62    15.0     8.4    11.7    11.6     0.0     8.06 C    18.6     7.6    12.7    99.8    66.5    85.3   0.520   0.393 -99.000 -99.000 -99.000    10.8    10.5 -9999.0 -9999.0 -9999.0
23907 20150311  2.423  -98.08   30.62    15.1    10.3    12.7    11.8     0.0     4.78 C    17.5    10.2    12.6    91.3    70.4    84.1   0.474   0.373 -99.000 -99.000 -99.000    11.4    11.1 -9999.0 -9999.0 -9999.0
23907 20150312  2.423  -98.08   30.62    22.6     9.4    16.0    14.7     0.0    19.57 C    29.5     8.3    16.3    95.4    44.8    75.5   0.454   0.363 -99.000 -99.000 -99.000    12.6    12.0 -9999.0 -9999.0 -9999.0
23907 20150313  2.423  -98.08   30.62    23.4    10.4    16.9    16.3     0.0    17.64 C    30.6    10.2    17.6   100.0    35.4    68.8   0.438   0.357 -99.000 -99.000 -99.000    13.7    13.0 -9999.0 -9999.0 -9999.0
23907 20150314  2.423  -98.08   30.62    23.5    11.0    17.2    16.3     0.0    20.38 C    32.1    10.5    18.1    92.0    33.0    62.5   0.424   0.348 -99.000 -99.000 -99.000    14.2    13.6 -9999.0 -9999.0 -9999.0
23907 20150315  2.423  -98.08   30.62    18.8     9.5    14.1    13.9     0.0    13.34 C    29.6     9.4    16.1    91.7    59.5    76.2   0.411   0.340 -99.000 -99.000 -99.000    13.9    13.5 -9999.0 -9999.0 -9999.0
23907 20150316  2.423  -98.08   30.62    24.7    11.1    17.9    17.3     0.0    13.97 C    31.7     9.9    18.9    95.7    44.1    74.7   0.404   0.336 -99.000 -99.000 -99.000    14.7    14.0 -9999.0 -9999.0 -9999.0
23907 20150317  2.423  -98.08   30.62    23.2    16.2    19.7    18.7     0.0     7.08 C    29.4    16.7    20.0    98.1    66.7    87.1   0.401   0.338 -99.000 -99.000 -99.000    16.5    15.6 -9999.0 -9999.0 -9999.0
23907 20150318  2.423  -98.08   30.62    25.4    15.0    20.2    19.4     0.5    16.96 C    35.4    15.2    22.0    99.2    51.3    79.1   0.398   0.339 -99.000 -99.000 -99.000    17.4    16.5 -9999.0 -9999.0 -9999.0
23907 20150319  2.423  -98.08   30.62    26.6    16.3    21.4    20.5     0.0    13.17 C    37.3    16.5    22.6    99.4    52.9    81.2   0.394   0.340 -99.000 -99.000 -99.000    18.3    17.3 -9999.0 -9999.0 -9999.0
23907 20150320  2.423  -98.08   30.62    19.6    12.2    15.9    15.8     9.4     2.77 C    20.0    13.7    17.3    99.5    89.2    96.6   0.417   0.359 -99.000 -99.000 -99.000    17.3    17.0 -9999.0 -9999.0 -9999.0
23907 20150321  2.423  -98.08   30.62    14.2    11.5    12.8    12.7    20.6     2.86 C    16.9    12.5    14.1   100.0    95.0    98.6   0.563   0.444 -99.000 -99.000 -99.000    15.1    15.1 -9999.0 -9999.0 -9999.0
23907 20150322  2.423  -98.08   30.62    22.5    12.9    17.7    16.5     0.0    20.84 C    32.0    12.9    19.5   100.0    54.0    81.5   0.522   0.411 -99.000 -99.000 -99.000    16.2    15.8 -9999.0 -9999.0 -9999.0
23907 20150323  2.423  -98.08   30.62    27.2    11.7    19.4    18.6     0.0    23.99 C    36.0    10.9    21.2   100.0    33.3    73.4   0.472   0.385 -99.000 -99.000 -99.000    17.0    16.4 -9999.0 -9999.0 -9999.0
23907 20150324  2.423  -98.08   30.62    29.1    15.0    22.0    21.1     0.0    23.74 C    36.3    14.2    23.1    97.1    36.2    69.3   0.450   0.377 -99.000 -99.000 -99.000    18.5    17.7 -9999.0 -9999.0 -9999.0
23907 20150325  2.423  -98.08   30.62    28.8    14.2    21.5    20.4     0.0    22.86 C    38.6    14.2    23.4    99.2    37.0    71.9   0.432   0.367 -99.000 -99.000 -99.000    19.1    18.4 -9999.0 -9999.0 -9999.0
23907 20150326  2.423  -98.08   30.62    19.1    10.2    14.6    14.2     0.0    20.72 C    30.2    10.8    18.4    91.6    28.3    58.1   0.412   0.353 -99.000 -99.000 -99.000    16.9    17.3 -9999.0 -9999.0 -9999.0
23907 20150327  2.423  -98.08   30.62    25.6     7.3    16.5    16.9     0.0    25.07 C    36.8     7.8    19.6    63.3    17.5    36.6   0.394   0.336 -99.000 -99.000 -99.000    15.8    15.9 -9999.0 -9999.0 -9999.0
23907 20150328  2.423  -98.08   30.62    28.6    11.0    19.8    20.0     0.0    25.15 C    38.8    10.3    22.0    67.7    17.9    38.2   0.381   0.329 -99.000 -99.000 -99.000    16.8    16.5 -9999.0 -9999.0 -9999.0
23907 20150329  2.423  -98.08   30.62    28.3    13.9    21.1    20.7     0.0    25.00 C    39.0    12.9    23.4    87.6    31.2    57.4   0.368   0.323 -99.000 -99.000 -99.000    18.2    17.6 -9999.0 -9999.0 -9999.0
23907 20150330  2.423  -98.08   30.62    25.4    16.8    21.1    20.1     0.0    15.51 C    37.0    17.2    23.7    93.5    58.4    78.9   0.359   0.319 -99.000 -99.000 -99.000    19.5    18.7 -9999.0 -9999.0 -9999.0
23907 20150331  2.423  -98.08   30.62    27.1    17.9    22.5    21.1     0.0    22.51 C    40.8    18.8    25.7    95.2    45.4    73.6   0.350   0.315 -99.000 -99.000 -99.000    20.2    19.5 -9999.0 -9999.0 -9999.0
23907 20150401  2.423  -98.08   30.62    26.4    18.5    22.5    21.5     0.0    14.56 C    36.6    18.5    24.4    94.2    47.7    76.8   0.341   0.309 -99.000 -99.000 -99.000    20.5    19.9 -9999.0 -9999.0 -9999.0
23907 20150402  2.423  -98.08   30.62    28.5    19.1    23.8    22.4     0.0    18.31 C    41.0    20.2    26.1    97.7    54.5    81.0   0.333   0.306 -99.000 -99.000 -99.000    21.3    20.5 -9999.0 -9999.0 -9999.0
23907 20150403  2.423  -98.08   30.62    28.6    16.6    22.6    21.4     0.0    17.15 C    42.0    19.6    25.8    92.7    42.8    65.8   0.323   0.300 -99.000 -99.000 -99.000    21.1    20.6 -9999.0 -9999.0 -9999.0
23907 20150404  2.423  -98.08   30.62    19.1     9.4    14.2    14.7     1.6    11.83 C    27.5    12.2    18.9    80.7    43.1    56.6   0.311   0.284 -99.000 -99.000 -99.000    18.1    18.6 -9999.0 -9999.0 -9999.0
23907 20150405  2.423  -98.08   30.62    18.3    13.6    15.9    15.5     0.6     3.61 C    20.5    15.9    17.5    99.9    62.7    90.8   0.307   0.280 -99.000 -99.000 -99.000    17.8    18.0 -9999.0 -9999.0 -9999.0
23907 20150406  2.423  -98.08   30.62    28.5    17.6    23.0    22.4     0.0    22.85 C    38.4    17.5    25.2    99.7    49.1    74.3   0.308   0.281 -99.000 -99.000 -99.000    20.2    19.4 -9999.0 -9999.0 -9999.0
23907 20150407  2.423  -98.08   30.62    29.9    18.4    24.1    23.0     0.0    16.84 C    39.4    18.4    25.8    93.7    44.6    73.6   0.303   0.279 -99.000 -99.000 -99.000    21.3    20.6 -9999.0 -9999.0 -9999.0
23907 20150408  2.423  -98.08   30.62    24.1    18.5    21.3    21.1     0.0     5.13 C    26.9    18.9    21.9    94.7    73.6    84.1   0.295   0.276 -99.000 -99.000 -99.000    20.8    20.4 -9999.0 -9999.0 -9999.0
23907 20150409  2.423  -98.08   30.62    28.9    17.7    23.3    23.0     1.1    14.54 C    38.9    18.2    24.7    92.7    54.5    75.3   0.290   0.273 -99.000 -99.000 -99.000    21.3    20.6 -9999.0 -9999.0 -9999.0
