23907 20150410  2.423  -98.08   30.62    23.4    12.0    17.7    16.9     1.9    15.88 C    32.1    14.7    19.8    90.9    34.6    63.5   0.283   0.267 -99.000 -99.000 -99.000    19.4    19.6 -9999.0 -9999.0 -9999.0
23907 20150411  2.423  -98.08   30.62    19.8    13.3    16.6    16.5     0.0     4.37 C    23.0    15.2    18.9    99.9    81.8    93.3   0.281   0.265 -99.000 -99.000 -99.000    18.7    18.8 -9999.0 -9999.0 -9999.0
23907 20150412  2.423  -98.08   30.62    25.6    18.1    21.8    20.8     0.0     9.59 C    33.3    18.6    22.3    99.8    64.7    88.0   0.283   0.266 -99.000 -99.000 -99.000    20.2    19.7 -9999.0 -9999.0 -9999.0
23907 20150413  2.423  -98.08   30.62    29.3    16.5    22.9    22.5     0.3    24.61 C    41.2    18.3    26.3    99.7    28.3    67.9   0.281   0.265 -99.000 -99.000 -99.000    21.3    20.7 -9999.0 -9999.0 -9999.0
23907 20150414  2.423  -98.08   30.62    21.6    11.0    16.3    16.0     0.0    21.82 C    39.3    14.9    22.5    96.1    48.9    72.8   0.270   0.259 -99.000 -99.000 -99.000    19.9    19.9 -9999.0 -9999.0 -9999.0
23907 20150415  2.423  -98.08   30.62    27.4    10.7    19.0    18.9     0.0    24.17 C    42.5    12.3    24.7    92.6    42.0    67.2   0.260   0.251 -99.000 -99.000 -99.000    19.8    19.5 -9999.0 -9999.0 -9999.0
23907 20150416  2.423  -98.08   30.62    24.4    17.9    21.1    20.6     0.0    11.78 C    31.8    19.1    23.4    96.7    64.0    84.7   0.254   0.252 -99.000 -99.000 -99.000    20.9    20.5 -9999.0 -9999.0 -9999.0
23907 20150417  2.423  -98.08   30.62    21.0    16.5    18.8    18.6     9.2     3.20 C    24.7    16.7    20.2    99.2    78.1    89.6   0.279   0.267 -99.000 -99.000 -99.000    20.1    20.0 -9999.0 -9999.0 -9999.0
23907 20150418  2.423  -98.08   30.62    24.9    12.7    18.8    18.2    14.4    13.11 C    33.9    14.7    20.9    98.7    60.9    87.0   0.396   0.352 -99.000 -99.000 -99.000    19.7    19.6 -9999.0 -9999.0 -9999.0
23907 20150419  2.423  -98.08   30.62    28.6    12.5    20.6    21.0     0.0    26.42 C    37.6    14.3    23.7    99.7    21.3    61.7   0.433   0.393 -99.000 -99.000 -99.000    19.9    19.7 -9999.0 -9999.0 -9999.0
23907 20150420  2.423  -98.08   30.62    21.6     9.4    15.5    15.8     0.0    22.28 C    32.5    10.8    20.1    68.7    30.5    50.1   0.396   0.353 -99.000 -99.000 -99.000    18.5    18.8 -9999.0 -9999.0 -9999.0
23907 20150421  2.423  -98.08   30.62    26.0    11.6    18.8    19.0     0.0    23.06 C    37.8    12.2    23.1    86.2    41.9    58.5   0.374   0.335 -99.000 -99.000 -99.000    18.8    18.7 -9999.0 -9999.0 -9999.0
23907 20150422  2.423  -98.08   30.62    25.3    17.6    21.4    20.8     0.0    12.08 C    35.5    18.6    24.3    95.5    64.6    83.9   0.361   0.329 -99.000 -99.000 -99.000    20.7    20.2 -9999.0 -9999.0 -9999.0
23907 20150423  2.423  -98.08   30.62    29.7    19.4    24.6    22.6     0.2    13.51 C    37.6    20.6    25.5    99.9    55.6    84.3   0.350   0.324 -99.000 -99.000 -99.000    21.8    21.1 -9999.0 -9999.0 -9999.0
23907 20150424  2.423  -98.08   30.62    26.6    19.8    23.2    23.1    10.4     9.70 C    30.7    20.6    24.4    99.5    74.7    89.2   0.415   0.380 -99.000 -99.000 -99.000    22.2    21.7 -9999.0 -9999.0 -9999.0
23907 20150425  2.423  -98.08   30.62    30.8    20.5    25.7    25.2     0.0    27.38 C    39.9    20.0    27.5    99.7    19.6    57.8   0.414   0.373 -99.000 -99.000 -99.000    22.5    22.0 -9999.0 -9999.0 -9999.0
23907 20150426  2.423  -98.08   30.62    29.7    20.0    24.9    23.8     0.9    21.27 C    40.6    20.0    27.7    97.8    39.7    77.6   0.384   0.351 -99.000 -99.000 -99.000    22.9    22.3 -9999.0 -9999.0 -9999.0
23907 20150427  2.423  -98.08   30.62    26.7    15.4    21.0    20.1    14.1    25.75 C    37.9    17.1    25.1    98.8    38.4    73.0   0.463   0.417 -99.000 -99.000 -99.000    21.9    21.8 -9999.0 -9999.0 -9999.0
23907 20150428  2.423  -98.08   30.62    15.7     9.1    12.4    12.8     0.2     5.58 C    19.2    10.5    16.3    97.5    72.4    84.6   0.420   0.371 -99.000 -99.000 -99.000    18.9    19.8 -9999.0 -9999.0 -9999.0
23907 20150429  2.423  -98.08   30.62    22.8     8.0    15.4    15.7     0.0    28.85 C    35.2     8.7    19.9    93.7    31.1    58.5   0.397   0.347 -99.000 -99.000 -99.000    18.1    18.5 -9999.0 -9999.0 -9999.0
23907 20150430  2.423  -98.08   30.62    26.3    12.4    19.3    19.4     0.0    28.72 C    40.4    11.3    23.5    66.4    28.8    46.5   0.370   0.329 -99.000 -99.000 -99.000    18.8    18.8 -9999.0 -9999.0 -9999.0
23907 20150501  2.423  -98.08   30.62    27.5    14.9    21.2    20.6     0.0    27.64 C    44.9    14.0    25.8    64.8    30.9    49.6   0.344   0.312 -99.000 -99.000 -99.000    19.8    19.6 -9999.0 -9999.0 -9999.0
23907 20150502  2.423  -98.08   30.62    27.4    14.6    21.0    20.6     0.0    28.07 C    43.1    15.0    26.4    74.6    33.5    54.2   0.317   0.293 -99.000 -99.000 -99.000    20.5    20.2 -9999.0 -9999.0 -9999.0
23907 20150503  2.423  -98.08   30.62    27.4    14.3    20.8    20.8     0.0    24.91 C    41.5    15.7    26.1    90.8    36.3    66.4   0.296   0.278 -99.000 -99.000 -99.000    21.0    20.6 -9999.0 -9999.0 -9999.0
23907 20150504  2.423  -98.08   30.62    27.8    18.1    22.9    22.0     0.0    18.83 C    42.9    20.1    27.1    95.1    45.3    71.8   0.278   0.268 -99.000 -99.000 -99.000    22.1    21.6 -9999.0 -9999.0 -9999.0
23907 20150505  2.423  -98.08   30.62    26.9    18.3    22.6    20.8     3.0    12.75 C    38.6    19.8    24.3    99.1    52.3    82.3   0.263   0.261 -99.000 -99.000 -99.000    21.9    21.6 -9999.0 -9999.0 -9999.0
23907 20150506  2.423  -98.08   30.62    28.9    19.9    24.4    23.1     0.0    16.44 C    36.2    20.6    25.5    98.5    54.9    81.5   0.259   0.261 -99.000 -99.000 -99.000    22.6    22.1 -9999.0 -9999.0 -9999.0
23907 20150507  2.423  -98.08   30.62    27.3    20.8    24.1    23.2     0.0    13.13 C    34.8    21.5    26.0    94.2    67.3    85.3   0.254   0.262 -99.000 -99.000 -99.000    23.1    22.5 -9999.0 -9999.0 -9999.0
23907 20150508  2.423  -98.08   30.62    26.3    19.9    23.1    22.6    16.9     6.98 C    31.5    20.8    24.0    97.7    76.9    92.5   0.329   0.329 -99.000 -99.000 -99.000    23.0    22.6 -9999.0 -9999.0 -9999.0
23907 20150509  2.423  -98.08   30.62    28.4    20.8    24.6    23.9     0.4    12.92 C    34.0    20.6    25.2    99.0    65.2    84.0   0.422   0.411 -99.000 -99.000 -99.000    23.0    22.6 -9999.0 -9999.0 -9999.0
23907 20150510  2.423  -98.08   30.62    28.3    22.8    25.6    24.5     0.5    11.48 C    34.3    22.7    25.7    91.2    59.0    79.9   0.402   0.394 -99.000 -99.000 -99.000    23.4    22.9 -9999.0 -9999.0 -9999.0
23907 20150511  2.423  -98.08   30.62    23.4    17.4    20.4    19.7    23.7     7.79 C    27.2    18.7    21.9    99.1    84.3    91.8   0.488   0.470 -99.000 -99.000 -99.000    22.1    22.1 -9999.0 -9999.0 -9999.0
23907 20150512  2.423  -98.08   30.62    18.2    15.3    16.7    16.8     3.2     5.51 C    22.3    17.0    18.8    99.6    86.3    96.7   0.466   0.446 -99.000 -99.000 -99.000    20.5    20.8 -9999.0 -9999.0 -9999.0
23907 20150513  2.423  -98.08   30.62    19.1    16.7    17.9    17.8    30.1     2.32 C    20.0    16.9    18.5    99.9    92.4    98.0   0.543   0.478 -99.000 -99.000 -99.000    19.9    20.1 -9999.0 -9999.0 -9999.0
23907 20150514  2.423  -98.08   30.62    28.4    18.8    23.6    22.7     2.2    15.35 C    34.8    18.5    24.4    99.4    62.5    87.5   0.540   0.467 -99.000 -99.000 -99.000    21.4    21.0 -9999.0 -9999.0 -9999.0
23907 20150515  2.423  -98.08   30.62    24.3    18.5    21.4    20.5    13.2    11.73 C    30.5    19.5    22.4    99.4    67.2    89.6   0.565   0.485 -99.000 -99.000 -99.000    21.6    21.4 -9999.0 -9999.0 -9999.0
23907 20150516  2.423  -98.08   30.62    29.0    18.3    23.6    23.2     0.0    13.41 C    34.2    19.9    24.8    98.8    62.4    84.7   0.516   0.453 -99.000 -99.000 -99.000    22.1    21.6 -9999.0 -9999.0 -9999.0
23907 20150517  2.423  -98.08   30.62    28.1    18.1    23.1    22.4    24.4    14.86 C    37.0    19.0    24.8    99.4    63.2    84.7   0.576   0.493 -99.000 -99.000 -99.000    22.3    21.9 -9999.0 -9999.0 -9999.0
23907 20150518  2.423  -98.08   30.62    31.1    21.2    26.1    24.9     0.0    15.99 C    40.3    21.6    27.6    99.4    58.1    82.9   0.512   0.456 -99.000 -99.000 -99.000    23.6    22.9 -9999.0 -9999.0 -9999.0
23907 20150519  2.423  -98.08   30.62    29.2    21.7    25.4    24.4     1.4    16.28 C    36.9    22.4    26.8    98.3    61.4    83.4   0.481   0.442 -99.000 -99.000 -99.000    23.9    23.4 -9999.0 -9999.0 -9999.0
23907 20150520  2.423  -98.08   30.62    30.6    19.9    25.2    24.7    35.3    17.95 C    40.2    20.8    28.0    98.0    48.1    78.5   0.463   0.432 -99.000 -99.000 -99.000    24.2    23.6 -9999.0 -9999.0 -9999.0
23907 20150521  2.423  -98.08   30.62    19.9    15.1    17.5    17.0    63.4    10.83 C    26.2    17.9    20.9    99.4    79.0    91.4   0.583   0.574 -99.000 -99.000 -99.000    21.5    21.8 -9999.0 -9999.0 -9999.0
23907 20150522  2.423  -98.08   30.62    22.4    15.1    18.8    19.1     0.5     4.72 C    23.9    17.4    20.5   100.0    91.6    97.7   0.515   0.532 -99.000 -99.000 -99.000    21.0    21.1 -9999.0 -9999.0 -9999.0
23907 20150523  2.423  -98.08   30.62    26.8    17.9    22.3    21.7    94.8     6.11 C    30.3    18.8    22.5    99.6    70.3    94.5   0.570   0.573 -99.000 -99.000 -99.000    21.9    21.7 -9999.0 -9999.0 -9999.0
23907 20150524  2.423  -98.08   30.62    26.7    17.1    21.9    21.0     8.5    18.22 C    34.2    18.2    23.8    99.7    63.4    87.2   0.589   0.587 -99.000 -99.000 -99.000    21.7    21.4 -9999.0 -9999.0 -9999.0
23907 20150525  2.423  -98.08   30.62    22.7    18.0    20.3    20.4    53.4     0.81 C    23.2    18.0    20.9    99.8    89.3    95.8   0.570   0.577 -99.000 -99.000 -99.000    21.5    21.5 -9999.0 -9999.0 -9999.0
23907 20150526  2.423  -98.08   30.62    30.2    17.0    23.6    23.0     0.0    17.56 C    36.8    17.5    25.0   100.0    59.0    86.9   0.554   0.572 -99.000 -99.000 -99.000    22.1    21.6 -9999.0 -9999.0 -9999.0
23907 20150527  2.423  -98.08   30.62    27.5    18.7    23.1    23.1     5.0    14.03 C    36.9    20.0    25.4    98.8    69.0    88.5   0.552   0.575 -99.000 -99.000 -99.000    23.0    22.6 -9999.0 -9999.0 -9999.0
23907 20150528  2.423  -98.08   30.62    28.8    16.9    22.9    24.4    26.3    16.81 C    36.7    18.4    26.8    98.7    66.6    84.0   0.514   0.546 -99.000 -99.000 -99.000    23.6    23.1 -9999.0 -9999.0 -9999.0
23907 20150529  2.423  -98.08   30.62    30.9    16.5    23.7    22.9    10.4    28.12 C    40.8    17.9    27.5    99.5    46.4    75.6   0.580   0.590 -99.000 -99.000 -99.000    22.9    22.5 -9999.0 -9999.0 -9999.0
23907 20150530  2.423  -98.08   30.62    28.9    19.5    24.2    23.1     0.0    18.87 C    39.7    21.0    26.9    96.8    49.1    74.9   0.497   0.533 -99.000 -99.000 -99.000    23.6    23.2 -9999.0 -9999.0 -9999.0
23907 20150531  2.423  -98.08   30.62    28.2    17.6    22.9    22.5     0.0    25.99 C    40.4    18.3    27.2    97.5    46.5    71.9   0.460   0.502 -99.000 -99.000 -99.000    23.3    23.0 -9999.0 -9999.0 -9999.0
23907 20150601  2.423  -98.08   30.62    30.1    18.3    24.2    23.8     0.0    25.23 C    44.7    19.0    29.0    92.5    43.2    68.9   0.430   0.475 -99.000 -99.000 -99.000    23.5    23.1 -9999.0 -9999.0 -9999.0
23907 20150602  2.423  -98.08   30.62    30.3    19.5    24.9    24.7     0.0    22.87 C    44.4    20.3    29.5    93.6    45.2    67.2   0.400   0.450 -99.000 -99.000 -99.000    24.0    23.6 -9999.0 -9999.0 -9999.0
23907 20150603  2.423  -98.08   30.62    30.4    19.5    24.9    24.7     0.0    28.07 C    46.0    20.4    30.8    93.2    45.3    66.7   0.370   0.423 -99.000 -99.000 -99.000    24.4    24.0 -9999.0 -9999.0 -9999.0
23907 20150604  2.423  -98.08   30.62    30.9    19.3    25.1    24.8     0.0    28.19 C    48.2    20.7    31.8    95.6    42.5    67.3   0.332   0.394 -99.000 -99.000 -99.000    24.9    24.5 -9999.0 -9999.0 -9999.0
23907 20150605  2.423  -98.08   30.62    30.8    20.0    25.4    25.1     0.0    25.90 C    48.0    21.3    32.0    97.8    41.0    69.4   0.295   0.370 -99.000 -99.000 -99.000    25.2    24.8 -9999.0 -9999.0 -9999.0
23907 20150606  2.423  -98.08   30.62    31.7    20.6    26.1    25.7     0.0    25.84 C    48.8    22.4    32.4    93.2    42.5    66.2   0.265   0.348 -99.000 -99.000 -99.000    25.5    25.0 -9999.0 -9999.0 -9999.0
23907 20150607  2.423  -98.08   30.62    31.7    20.2    26.0    25.7     0.0    29.13 C    49.0    21.7    33.2    91.8    37.7    63.4   0.240   0.324 -99.000 -99.000 -99.000    25.7    25.2 -9999.0 -9999.0 -9999.0
23907 20150608  2.423  -98.08   30.62    33.4     0.0    16.7    26.3     0.0    29.44 C    51.2    22.5    34.6    95.8     0.4    62.4   0.220   0.304 -99.000 -99.000 -99.000    26.5    25.8 -9999.0 -9999.0 -9999.0
23907 20150609  2.423  -98.08   30.62    33.5     0.0    16.7    13.5     0.0    11.66 C    51.6    21.0    32.3    32.9     0.4    11.3   0.204   0.286 -99.000 -99.000 -99.000    27.0    26.2 -9999.0 -9999.0 -9999.0
23907 20150610  2.423  -98.08   30.62    33.2    21.5    27.4    27.4     0.0    27.89 C    51.1    23.7    34.8    22.1    16.5    19.1   0.191   0.270 -99.000 -99.000 -99.000    27.3    26.6 -9999.0 -9999.0 -9999.0
23907 20150611  2.423  -98.08   30.62    32.4    21.5    27.0    26.7     0.0    24.82 C    50.2    23.4    33.3    20.9    17.7    19.3   0.182   0.259 -99.000 -99.000 -99.000    27.6    26.8 -9999.0 -9999.0 -9999.0
23907 20150612  2.423  -98.08   30.62    33.6    23.3    28.4    27.3     0.0    25.92 C    50.2    24.9    34.3    20.8    17.2    19.3   0.176   0.249 -99.000 -99.000 -99.000    28.1    27.3 -9999.0 -9999.0 -9999.0
23907 20150613  2.423  -98.08   30.62    33.1     0.0    16.5    18.1     0.0    25.14 C    59.7    25.3    37.5 -9999.0 -9999.0 -9999.0   0.171   0.242 -99.000 -99.000 -99.000    28.5    27.7 -9999.0 -9999.0 -9999.0
23907 20150614  2.423  -98.08   30.62    28.2    20.5    24.4    23.2    15.2    12.32 C    38.8    23.3    27.3 -9999.0 -9999.0 -9999.0   0.274   0.328 -99.000 -99.000 -99.000    26.7    26.7 -9999.0 -9999.0 -9999.0
23907 20150615  2.423  -98.08   30.62    29.4     0.0    14.7    19.6     3.3    24.16 C    74.8    23.4    37.5 -9999.0 -9999.0 -9999.0   0.328   0.365 -99.000 -99.000 -99.000    26.5    26.3 -9999.0 -9999.0 -9999.0
23907 20150616  2.423  -98.08   30.62    26.9    21.5    24.2    23.3     3.8    10.49 C    33.1    22.5    25.8 -9999.0 -9999.0 -9999.0   0.356   0.393 -99.000 -99.000 -99.000    25.8    25.8 -9999.0 -9999.0 -9999.0
23907 20150617  2.423  -98.08   30.62    31.3     0.0    15.6    20.0     1.5    21.07 C    76.9    21.7    32.8 -9999.0 -9999.0 -9999.0   0.378   0.407 -99.000 -99.000 -99.000    25.8    25.6 -9999.0 -9999.0 -9999.0
23907 20150618  2.423  -98.08   30.62    32.2     0.0    16.1    23.5 -9999.0    19.86 C    62.4    22.7    31.3 -9999.0 -9999.0 -9999.0   0.352   0.379 -99.000 -99.000 -99.000    26.4    26.1 -9999.0 -9999.0 -9999.0
23907 20150619  2.423  -98.08   30.62    28.8    21.7    25.2    25.0     0.0    14.79 C    37.9    23.5    28.6    32.2     5.5    14.3   0.323   0.350 -99.000 -99.000 -99.000    26.1    25.9 -9999.0 -9999.0 -9999.0
23907 20150620  2.423  -98.08   30.62    25.8    20.8    23.3    23.1     3.8     6.61 C    29.1    22.2    25.1 -9999.0 -9999.0 -9999.0   0.314   0.336 -99.000 -99.000 -99.000    25.4    25.5 -9999.0 -9999.0 -9999.0
23907 20150621  2.423  -98.08   30.62    28.4    20.4    24.4    23.7     7.5    13.91 C    33.8    22.7    26.1 -9999.0 -9999.0 -9999.0   0.357   0.358 -99.000 -99.000 -99.000    25.2    25.1 -9999.0 -9999.0 -9999.0
23907 20150622  2.423  -98.08   30.62    30.7    21.2    25.9    25.4     0.0    19.64 C    42.2    23.1    29.0 -9999.0 -9999.0 -9999.0   0.393   0.423 -99.000 -99.000 -99.000    25.8    25.5 -9999.0 -9999.0 -9999.0
23907 20150623  2.423  -98.08   30.62    32.5    22.3    27.4    26.5     0.0    26.83 C    44.6    22.9    31.9 -9999.0 -9999.0 -9999.0   0.358   0.386 -99.000 -99.000 -99.000    26.6    26.1 -9999.0 -9999.0 -9999.0
23907 20150624  2.423  -98.08   30.62    31.9    21.4    26.7    26.1     0.0    23.86 C    45.8    22.9    31.9 -9999.0 -9999.0 -9999.0   0.318   0.342 -99.000 -99.000 -99.000    26.8    26.4 -9999.0 -9999.0 -9999.0
23907 20150625  2.423  -98.08   30.62    32.7    22.0    27.3    26.9     0.0    27.59 C    49.4    23.6    33.5    68.6     6.8    30.7   0.282   0.304 -99.000 -99.000 -99.000    27.2    26.7 -9999.0 -9999.0 -9999.0
23907 20150626  2.423  -98.08   30.62    33.1    22.7    27.9    27.5     0.0    24.73 C    48.7    24.7    33.9    64.8     2.1    27.9   0.250   0.278 -99.000 -99.000 -99.000    27.6    27.1 -9999.0 -9999.0 -9999.0
23907 20150627  2.423  -98.08   30.62    32.9    22.2    27.5    26.4     0.0    21.49 C    49.8    26.0    33.4    36.3     0.8    16.9   0.226   0.263 -99.000 -99.000 -99.000    27.7    27.3 -9999.0 -9999.0 -9999.0
23907 20150628  2.423  -98.08   30.62    31.4    21.5    26.4    24.4     7.3    13.99 C    47.3    24.1    29.2 -9999.0 -9999.0 -9999.0   0.243   0.253 -99.000 -99.000 -99.000    26.7    26.6 -9999.0 -9999.0 -9999.0
23907 20150629  2.423  -98.08   30.62    32.1    22.1    27.1    26.8     0.0    24.48 C    42.3    23.0    31.2 -9999.0 -9999.0 -9999.0   0.269   0.253 -99.000 -99.000 -99.000    27.0    26.6 -9999.0 -9999.0 -9999.0
23907 20150630  2.423  -98.08   30.62    33.4    22.0    27.7    25.6    22.5    23.09 C    47.2    23.8    31.0 -9999.0 -9999.0 -9999.0   0.313   0.331 -99.000 -99.000 -99.000    27.2    26.9 -9999.0 -9999.0 -9999.0
23907 20150701  2.423  -98.08   30.62    31.3    20.6    26.0    24.6     0.0    23.28 C    41.8    21.7    28.8    97.0    18.0    56.9   0.421   0.465 -99.000 -99.000 -99.000    26.4    26.3 -9999.0 -9999.0 -9999.0
23907 20150702  2.423  -98.08   30.62    30.9    19.8    25.3    24.9     0.0    23.25 C    42.1    20.9    29.1    95.0    14.3    48.6   0.385   0.425 -99.000 -99.000 -99.000    26.1    25.9 -9999.0 -9999.0 -9999.0
23907 20150703  2.423  -98.08   30.62    31.6    22.6    27.1    26.5     0.0    22.39 C    43.9    23.3    31.0 -9999.0 -9999.0 -9999.0   0.353   0.394 -99.000 -99.000 -99.000    26.6    26.3 -9999.0 -9999.0 -9999.0
23907 20150704  2.423  -98.08   30.62    32.3    22.1    27.2    26.7     0.0    24.43 C    46.4    23.5    32.3 -9999.0 -9999.0 -9999.0   0.320   0.359 -99.000 -99.000 -99.000    27.1    26.6 -9999.0 -9999.0 -9999.0
23907 20150705  2.423  -98.08   30.62    32.3    23.2    27.7    26.8     0.0    22.93 C    47.2    24.8    32.5    65.4    18.5    45.8   0.286   0.326 -99.000 -99.000 -99.000    27.3    26.9 -9999.0 -9999.0 -9999.0
23907 20150706  2.423  -98.08   30.62    31.6    23.2    27.4    26.9     0.0    25.48 C    46.1    24.2    32.6    75.6    14.5    43.9   0.257   0.299 -99.000 -99.000 -99.000    27.2    27.0 -9999.0 -9999.0 -9999.0
23907 20150707  2.423  -98.08   30.62    30.9    23.9    27.4    26.7     0.0    15.95 C    41.6    25.2    30.8    77.6    18.6    51.0   0.236   0.283 -99.000 -99.000 -99.000    27.1    26.9 -9999.0 -9999.0 -9999.0
23907 20150708  2.423  -98.08   30.62    30.7    24.2    27.5    26.7     0.0    19.74 C    43.0    25.3    31.3    74.1    14.3    45.9   0.221   0.272 -99.000 -99.000 -99.000    27.1    26.8 -9999.0 -9999.0 -9999.0
23907 20150709  2.423  -98.08   30.62    32.9    22.9    27.9    27.2     0.0    27.10 C    48.6    23.6    33.2 -9999.0 -9999.0 -9999.0   0.206   0.261 -99.000 -99.000 -99.000    27.5    27.1 -9999.0 -9999.0 -9999.0
23907 20150710  2.423  -98.08   30.62    33.0    21.7    27.3    26.8     0.0    24.22 C    48.0    23.3    32.8 -9999.0 -9999.0 -9999.0   0.192   0.251 -99.000 -99.000 -99.000    27.7    27.2 -9999.0 -9999.0 -9999.0
23907 20150711  2.423  -98.08   30.62    33.2    21.9    27.5    27.0     0.0    28.55 C    50.3    23.3    34.2 -9999.0 -9999.0 -9999.0   0.183   0.244 -99.000 -99.000 -99.000    28.1    27.6 -9999.0 -9999.0 -9999.0
23907 20150712  2.423  -98.08   30.62    34.1    21.7    27.9    27.8     0.0    26.94 C    50.9    23.8    34.8 -9999.0 -9999.0 -9999.0   0.175   0.238 -99.000 -99.000 -99.000    28.6    27.9 -9999.0 -9999.0 -9999.0
23907 20150713  2.423  -98.08   30.62    35.5    22.6    29.1    28.8     0.0    28.29 C    52.5    24.8    36.0 -9999.0 -9999.0 -9999.0   0.169   0.233 -99.000 -99.000 -99.000    29.3    28.5 -9999.0 -9999.0 -9999.0
23907 20150714  2.423  -98.08   30.62    36.0    21.8    28.9    28.3     0.0    28.69 C    52.3    24.1    35.6 -9999.0 -9999.0 -9999.0   0.163   0.228 -99.000 -99.000 -99.000    29.4    28.7 -9999.0 -9999.0 -9999.0
23907 20150715  2.423  -98.08   30.62    34.5    22.0    28.3    27.7     0.0    28.70 C    52.1    24.3    35.4    90.3    11.4    49.1   0.157   0.223 -99.000 -99.000 -99.000    29.5    28.8 -9999.0 -9999.0 -9999.0
